            atom_x             atom_y             atom_z           atom_Num  
     -4.3841646091       0.0000000000       0.0000000000       6.0000000000 
     -2.1920823046       0.0000000000       0.0000000000       4.0000000000 
      0.0000000000       0.0000000000       0.0000000000       6.0000000000 

          center_x           center_y           center_z                 amplitude                     decay
     -4.3841646091       0.0000000000       0.0000000000              3.8680895669              1.4561260895
     -4.3841646091       0.0000000000       0.0000000000             -0.1003449256             17.5892334291
     -4.3841646091       0.0000000000       0.0000000000              2.2322549225              0.4558509111
     -2.1920823046       0.0000000000       0.0000000000             -0.1103603539              6.9000024219 
     -2.1920823046       0.0000000000       0.0000000000              0.0190286159              6.8761712083
     -2.1920823046       0.0000000000       0.0000000000              4.0913205060              0.5486591651
      0.0000000000       0.0000000000       0.0000000000              3.8680895669              1.4561260895 
      0.0000000000       0.0000000000       0.0000000000             -0.1003449256             17.5892334291 
      0.0000000000       0.0000000000       0.0000000000              2.2322549225              0.4558509111 