      0.0000000000E+00 
      1.8229385727E-05 
     -1.5191154773E-06 
      5.0637182576E-08 
     -9.0423540315E-10 
      1.0047060035E-11 
     -7.6114091174E-14 
      4.1820929216E-16 
     -1.7425387174E-18 
      5.6945709717E-21 
     -1.4985713084E-23 
      0.0000000000E+00 
      2.3343636744E-01 
     -1.9453030620E-02 
      6.4843435399E-04 
     -1.1579184893E-05 
      1.2865760992E-07 
     -9.7467886303E-10 
      5.3553783683E-12 
     -2.2314076534E-14 
      7.2921818740E-17 
     -1.9189952300E-19 
      0.0000000000E+00 
      3.3461410270E-02 
     -1.6730705135E-03 
      3.9835012226E-05 
     -5.5326405870E-07 
      5.0296732609E-09 
     -3.2241495262E-11 
      1.5353092982E-13 
     -5.6445194787E-16 
      1.6504442920E-18 
     -3.9296292667E-21 
      0.0000000000E+00 
      3.1839385100E-01 
     -1.5919692550E-02 
      3.7904029881E-04 
     -5.2644485945E-06 
      4.7858623587E-08 
     -3.0678604863E-10 
      1.4608859459E-12 
     -5.3709042127E-15 
      1.5704398283E-17 
     -3.7391424483E-20 
