      0.0000000000E+00 
      5.3347050932E-07 
     -4.4455875777E-08 
      1.4818625259E-09 
     -2.6461830820E-11 
      2.9402034244E-13 
     -2.2274268367E-15 
      1.2238608993E-17 
     -5.0994204136E-20 
      1.6664772593E-22 
     -4.3854664720E-25 
      0.0000000000E+00 
      3.2916131497E-02 
     -2.7430109581E-03 
      9.1433698603E-05 
     -1.6327446179E-06 
      1.8141606866E-08 
     -1.3743641565E-10 
      7.5514514093E-13 
     -3.1464380872E-15 
      1.0282477409E-17 
     -2.7059151077E-20 
      0.0000000000E+00 
     -1.5015406521E-01 
      7.5077032605E-03 
     -1.7875483954E-04 
      2.4827061047E-06 
     -2.2570055497E-08 
      1.4467984293E-10 
     -6.8895163300E-13 
      2.5329104154E-15 
     -7.4061708054E-18 
      1.7633740013E-20 
      0.0000000000E+00 
      1.1920425847E-01 
     -5.9602129235E-03 
      1.4190983151E-04 
     -1.9709698821E-06 
      1.7917908019E-08 
     -1.1485838474E-10 
      5.4694468923E-13 
     -2.0108260633E-15 
      5.8796083724E-18 
     -1.3999067553E-20 
