      0.0000000000E+00 
     -8.4091955166E-03 
      7.0076629305E-04 
     -2.3358876435E-05 
      4.1712279348E-07 
     -4.6346977053E-09 
      3.5111346253E-11 
     -1.9291948490E-13 
      8.0383118710E-16 
     -2.6268993043E-18 
      6.9128929059E-21 
      0.0000000000E+00 
      4.2763423034E-01 
     -3.5636185862E-02 
      1.1878728621E-03 
     -2.1212015394E-05 
      2.3568905993E-07 
     -1.7855231813E-09 
      9.8105669302E-12 
     -4.0877362209E-14 
      1.3358615101E-16 
     -3.5154250266E-19 
      0.0000000000E+00 
     -9.3460251015E-03 
      4.6730125507E-04 
     -1.1126220359E-05 
      1.5453083832E-07 
     -1.4048258029E-09 
      9.0052936083E-12 
     -4.2882350516E-14 
      1.5765570043E-16 
     -4.6098158019E-19 
      1.0975751909E-21 
      0.0000000000E+00 
      3.5853429273E-01 
     -1.7926714636E-02 
      4.2682653896E-04 
     -5.9281463745E-06 
      5.3892239768E-08 
     -3.4546307544E-10 
      1.6450622640E-12 
     -6.0480230294E-15 
      1.7684277864E-17 
     -4.2105423485E-20 
