      0.0000000000E+00 
      1.8601290377E-05 
     -1.5501075314E-06 
      5.1670251047E-08 
     -9.2268305442E-10 
      1.0252033938E-11 
     -7.7666923773E-14 
      4.2674133941E-16 
     -1.7780889142E-18 
      5.8107480856E-21 
     -1.5291442331E-23 
      0.0000000000E+00 
     -1.0247807565E-03 
      8.5398396372E-05 
     -2.8466132124E-06 
      5.0832378793E-08 
     -5.6480420881E-10 
      4.2788197637E-12 
     -2.3509998702E-14 
      9.7958327924E-17 
     -3.2012525465E-19 
      8.4243488067E-22 
      0.0000000000E+00 
     -4.0778778423E-01 
      2.0389389212E-02 
     -4.8546164790E-04 
      6.7425228874E-06 
     -6.1295662613E-08 
      3.9292091419E-10 
     -1.8710519723E-12 
      6.8788675453E-15 
     -2.0113647793E-17 
      4.7889637603E-20 
      0.0000000000E+00 
      4.6390188803E-01 
     -2.3195094402E-02 
      5.5226415242E-04 
     -7.6703354502E-06 
      6.9730322275E-08 
     -4.4698924535E-10 
      2.1285202160E-12 
     -7.8254419704E-15 
      2.2881409270E-17 
     -5.4479545882E-20 
