            atom_x             atom_y             atom_z           atom_Num  
     -2.0598014758       0.0000000000       0.0000000000       5.0000000000 
      0.0000000000       0.0000000000       0.0000000000       5.0000000000 

          center_x           center_y           center_z                 amplitude                     decay
     -2.0598014758       0.0000000000       0.0000000000              3.5729965015              1.0112936451 
     -2.0598014758       0.0000000000       0.0000000000             -0.1020239838             11.2757943555
     -2.0598014758       0.0000000000       0.0000000000              1.5290274886              0.3210476630
      0.0000000000       0.0000000000       0.0000000000              3.5729965015              1.0112936451 
      0.0000000000       0.0000000000       0.0000000000             -0.1020239838             11.2757943555 
      0.0000000000       0.0000000000       0.0000000000              1.5290274886              0.3210476630 
