            atom_x             atom_y             atom_z           atom_Num  
     -2.1920823046       0.0000000000       0.0000000000       6.0000000000 
      0.0000000000       0.0000000000       0.0000000000       6.0000000000 

          center_x           center_y           center_z                 amplitude                     decay
     -2.1920823046       0.0000000000       0.0000000000              3.8680895669              1.4561260895 
     -2.1920823046       0.0000000000       0.0000000000             -0.1003449256             17.5892334291
     -2.1920823046       0.0000000000       0.0000000000              2.2322549225              0.4558509111
      0.0000000000       0.0000000000       0.0000000000              3.8680895669              1.4561260895 
      0.0000000000       0.0000000000       0.0000000000             -0.1003449256             17.5892334291 
      0.0000000000       0.0000000000       0.0000000000              2.2322549225              0.4558509111 